FreeHafer
Cencici
Sergienko
Withers
Edison
Hage
Lango
Constable
Madelaine
Micha
Teddy
Quashie
Babiarz
Karrie
Tobias
Celsa
Halpern
Rowden
Elias
Lashanda
Spell
Kathlyn
Brescia
Beata
Jeanice
Mariel
Bogle
Jacqualine
Clasen
Marcus
Partida
Garrard
Aylward
Ramthun
Heintz
Marquess
Spagnoli
Montiel
Reily
Mcgaughey
Casler
Jenee
